categoryId,locationId,category,units,subCategory1,subCategory2,subCategory3,subCategory4,subCategory5,subCategory6,subCategory7,subCategory8,subCategory9,subCategory10,typeOfData,isConsolidatedData,companyId,01-2021,01-2022,01-2023,02-2021,02-2022,02-2023,03-2021,03-2022,03-2023,04-2020,04-2021,04-2022,05-2020,05-2021,05-2022,06-2020,06-2021,06-2022,07-2020,07-2021,07-2022,08-2020,08-2021,08-2022,09-2020,09-2021,09-2022,10-2020,10-2021,10-2022,11-2020,11-2021,11-2022,12-2020,12-2021,12-2022,01/2023,02/2023,03/2023,04/2023,05/2023,06/2023,07/2023,08/2023,09/2023,10/2023,11/2023,12/2023,01/2024,02/2024,03/2024,04/2024,05/2024,06/2024,07/2024,08/2024,09/2024,10/2024,11/2024,12/2024
633e94907bc80bcff37b0fe5,6389dd9abfdee6c179bada7a,Employee,Numbers,Differently abled Employees,Other than Permanent,Female,,,,,,,,BRSR,False,6389c46403d57395b8ace2b0,451.0,248.0,260.0,632.0,249.0,261.0,238.0,250.0,262.0,647.0,239.0,251.0,443.0,240.0,252.0,509.0,241.0,253.0,1052.0,242.0,254.0,1581.0,243.0,255.0,714.0,244.0,256.0,1163.0,245.0,257.0,1578.0,246.0,258.0,1374.0,247.0,259.0,1606.46,519.17,451.21,1681.03,604.16,519.08,1755.82,688.98,587.03,1830.63,773.73,655.08,1905.38,858.45,723.21,1980.03,943.2,791.43,2054.58,1027.94,859.72,2129.02,1112.74,928.15
633e94907bc80bcff37b0fe5,6389dd9abfdee6c179bada7a,Employee,Numbers,Differently abled Employees,Other than Permanent,Male,,,,,,,,BRSR,False,6389c46403d57395b8ace2b0,829.0,219.0,231.0,1766.0,220.0,232.0,209.0,221.0,233.0,1867.0,210.0,222.0,557.0,211.0,223.0,959.0,212.0,224.0,955.0,213.0,225.0,620.0,214.0,226.0,821.0,215.0,227.0,1994.0,216.0,228.0,423.0,217.0,229.0,971.0,218.0,230.0,1200.18,540.86,468.09,1263.89,615.74,524.13,1301.71,687.96,587.18,1367.5,759.16,638.92,1439.04,835.47,703.65,1477.87,906.41,756.94,1556.36,979.26,820.83,1628.47,1060.47,879.33
633e94907bc80bcff37b0fe5,6389dd9abfdee6c179bada7a,Employee,Numbers,Differently abled Employees,Other than Permanent,Other,,,,,,,,BRSR,False,6389c46403d57395b8ace2b0,484.0,419.0,431.0,1736.0,420.0,432.0,409.0,421.0,433.0,817.0,410.0,422.0,787.0,411.0,423.0,1661.0,412.0,424.0,620.0,413.0,425.0,1779.0,414.0,426.0,1297.0,415.0,427.0,805.0,416.0,428.0,240.0,417.0,429.0,905.0,418.0,430.0,618.62,562.44,563.38,561.15,559.15,556.85,554.89,551.96,553.53,547.99,557.45,553.78,540.86,541.65,539.73,537.61,536.11,532.72,531.47,529.23,526.39,519.93,523.52,520.62
633e94907bc80bcff37b0fe5,6389dd9abfdee6c179bada7a,Employee,Numbers,Differently abled Employees,Permanent,Female,,,,,,,,BRSR,False,6389c46403d57395b8ace2b0,1330.0,643.0,655.0,1384.0,644.0,656.0,633.0,645.0,657.0,358.0,634.0,646.0,1053.0,635.0,647.0,208.0,636.0,648.0,1774.0,637.0,649.0,1567.0,638.0,650.0,1979.0,639.0,651.0,1797.0,640.0,652.0,935.0,641.0,653.0,1297.0,642.0,654.0,1047.13,1020.23,1030.34,1023.66,1031.8,1067.06,1109.95,1103.43,1145.09,1140.17,1116.23,1138.59,1198.52,1198.31,1231.85,1235.16,1262.17,1271.34,1297.68,1309.05,1330.73,1343.73,1365.85,1381.32
633e94907bc80bcff37b0fe5,6389dd9abfdee6c179bada7a,Employee,Numbers,Differently abled Employees,Permanent,Male,,,,,,,,BRSR,False,6389c46403d57395b8ace2b0,430.0,227.0,239.0,879.0,228.0,240.0,217.0,229.0,241.0,549.0,218.0,230.0,1748.0,219.0,231.0,1488.0,220.0,232.0,1881.0,221.0,233.0,1979.0,222.0,234.0,467.0,223.0,235.0,1297.0,224.0,236.0,1835.0,225.0,237.0,1027.0,226.0,238.0,1448.2,657.66,506.83,1659.84,800.25,562.4,1744.54,899.5,582.38,1858.05,869.36,689.06,1899.73,1067.92,754.43,1866.82,936.92,825.99,2020.46,1253.18,883.64,2093.39,1360.75,936.13
633e94907bc80bcff37b0fe5,6389dd9abfdee6c179bada7a,Employee,Numbers,Differently abled Employees,Permanent,Other,,,,,,,,BRSR,False,6389c46403d57395b8ace2b0,954.0,1753.0,1765.0,797.0,1754.0,1766.0,1743.0,1755.0,1767.0,829.0,1744.0,1756.0,1016.0,1745.0,1757.0,1172.0,1746.0,1758.0,790.0,1747.0,1759.0,1929.0,1748.0,1760.0,1686.0,1749.0,1761.0,1494.0,1750.0,1762.0,1060.0,1751.0,1763.0,1923.0,1752.0,1764.0,1744.15,1868.68,1845.48,1879.67,1928.58,1915.73,1902.23,1949.15,1989.64,2005.49,2102.87,2044.33,2056.5,2147.23,2128.01,2134.57,2143.14,2199.74,2281.17,2238.17,2279.88,2309.04,2334.12,2304.42
633e94907bc80bcff37b0fe5,6389dd9abfdee6c179bada7a,Employee,Numbers,Employees,Other than Permanent,Female,,,,,,,,BRSR,False,6389c46403d57395b8ace2b0,329.0,221.0,233.0,1762.0,222.0,234.0,211.0,223.0,235.0,940.0,212.0,224.0,1073.0,213.0,225.0,919.0,214.0,226.0,1228.0,215.0,227.0,826.0,216.0,228.0,826.0,217.0,229.0,1797.0,218.0,230.0,466.0,219.0,231.0,1578.0,220.0,232.0,1405.64,569.7,456.04,1468.26,569.68,536.09,1553.55,657.34,616.57,1625.98,745.03,704.94,1696.17,786.09,789.49,1743.28,838.53,878.43,1834.48,895.89,963.6,1904.98,1071.76,1075.19
633e94907bc80bcff37b0fe5,6389dd9abfdee6c179bada7a,Employee,Numbers,Employees,Other than Permanent,Male,,,,,,,,BRSR,False,6389c46403d57395b8ace2b0,1402.0,811.0,823.0,946.0,812.0,824.0,801.0,813.0,825.0,1852.0,802.0,814.0,1875.0,803.0,815.0,1450.0,804.0,816.0,787.0,805.0,817.0,1052.0,806.0,818.0,824.0,807.0,819.0,235.0,808.0,820.0,1946.0,809.0,821.0,637.0,810.0,822.0,1001.05,964.2,930.97,1013.39,1008.71,1021.77,1045.01,1059.71,1078.73,1206.1,1104.35,1124.87,1149.09,1254.85,1204.83,1274.26,1202.6,1371.22,1313.66,1306.33,1388.21,1377.75,1420.38,1520.42
633e94907bc80bcff37b0fe5,6389dd9abfdee6c179bada7a,Employee,Numbers,Employees,Other than Permanent,Other,,,,,,,,BRSR,False,6389c46403d57395b8ace2b0,849.0,1474.0,1486.0,1502.0,1475.0,1487.0,1464.0,1476.0,1488.0,1957.0,1465.0,1477.0,1942.0,1466.0,1478.0,1435.0,1467.0,1479.0,1277.0,1468.0,1480.0,1932.0,1469.0,1481.0,235.0,1470.0,1482.0,1487.0,1471.0,1483.0,1123.0,1472.0,1484.0,1480.0,1473.0,1485.0,1466.4,1490.92,1540.62,1418.13,1522.41,1547.28,1570.78,1578.75,1515.19,1649.32,1749.26,1661.75,1692.43,1761.79,1733.79,1786.75,1789.73,1823.41,1862.06,1873.46,1817.55,1960.04,2003.41,2009.51
633e94907bc80bcff37b0fe5,6389dd9abfdee6c179bada7a,Employee,Numbers,Employees,Permanent,Female,,,,,,,,BRSR,False,6389c46403d57395b8ace2b0,1911.0,420.0,432.0,311.0,421.0,433.0,410.0,422.0,434.0,1360.0,411.0,423.0,1571.0,412.0,424.0,1863.0,413.0,425.0,432.0,414.0,426.0,1069.0,415.0,427.0,871.0,416.0,428.0,1008.0,417.0,429.0,1193.0,418.0,430.0,1342.0,419.0,431.0,776.57,727.43,778.5,712.68,783.13,794.25,808.53,824.03,837.39,849.61,865.51,878.98,894.67,866.85,917.33,900.25,939.08,931.42,989.56,998.79,1020.87,1002.14,1046.98,1063.88
633e94907bc80bcff37b0fe5,6389dd9abfdee6c179bada7a,Employee,Numbers,Employees,Permanent,Male,,,,,,,,BRSR,False,6389c46403d57395b8ace2b0,1162.0,1069.0,1081.0,1492.0,1070.0,1082.0,1059.0,1071.0,1083.0,1716.0,1060.0,1072.0,953.0,1061.0,1073.0,1635.0,1062.0,1074.0,1460.0,1063.0,1075.0,1910.0,1064.0,1076.0,1350.0,1065.0,1077.0,1562.0,1066.0,1078.0,1098.0,1067.0,1079.0,1896.0,1068.0,1080.0,1288.78,1208.74,1278.63,1227.3,1161.7,1281.9,1233.88,1244.83,1244.44,1252.74,1279.11,1232.01,1234.22,1271.64,1320.88,1237.95,1225.42,1277.09,1242.19,1252.3,1258.57,1268.14,1221.04,1259.52
633e94907bc80bcff37b0fe5,6389dd9abfdee6c179bada7a,Employee,Numbers,Employees,Permanent,Other,,,,,,,,BRSR,False,6389c46403d57395b8ace2b0,454.0,1720.0,1732.0,356.0,1721.0,1733.0,1710.0,1722.0,1734.0,759.0,1711.0,1723.0,767.0,1712.0,1724.0,771.0,1713.0,1725.0,1886.0,1714.0,1726.0,896.0,1715.0,1727.0,1836.0,1716.0,1728.0,1269.0,1717.0,1729.0,538.0,1718.0,1730.0,1060.0,1719.0,1731.0,1489.3,1584.15,1535.66,1580.6,1575.37,1580.87,1696.64,1627.51,1643.73,1771.85,1739.64,1741.35,1605.94,1720.08,1728.02,1723.78,1746.16,1749.27,1754.57,1777.32,1794.52,1807.05,1815.85,1850.78
633e94907bc80bcff37b0fe5,6389dd9abfdee6c179bada7a,Employee,Numbers,Representation of women,Key Management Personal,No. of Females,,,,,,,,BRSR,False,6389c46403d57395b8ace2b0,747.0,973.0,985.0,1911.0,974.0,986.0,963.0,975.0,987.0,1350.0,964.0,976.0,349.0,965.0,977.0,412.0,966.0,978.0,434.0,967.0,979.0,420.0,968.0,980.0,1459.0,969.0,981.0,256.0,970.0,982.0,231.0,971.0,983.0,353.0,972.0,984.0,851.73,892.3,900.85,914.92,932.0,904.88,956.18,973.25,977.26,963.56,1016.84,1018.75,1036.35,1052.48,1068.52,1084.93,1101.58,1118.48,1120.26,1154.55,1169.3,1208.47,1213.8,1223.11
633e94907bc80bcff37b0fe5,6389dd9abfdee6c179bada7a,Employee,Numbers,Representation of women,board of directors,No. of Females,,,,,,,,BRSR,False,6389c46403d57395b8ace2b0,1780.0,1404.0,1416.0,961.0,1405.0,1417.0,1394.0,1406.0,1418.0,573.0,1395.0,1407.0,398.0,1396.0,1408.0,332.0,1397.0,1409.0,372.0,1398.0,1410.0,1752.0,1399.0,1411.0,1854.0,1400.0,1412.0,298.0,1401.0,1413.0,1746.0,1402.0,1414.0,1418.0,1403.0,1415.0,1503.62,1666.01,1692.98,1705.33,1742.83,1780.8,1819.79,1856.72,1891.72,1962.72,1969.49,2013.4,2050.18,2088.83,2132.41,2172.27,2211.92,2253.37,2294.15,2335.19,2374.74,2418.37,2459.76,2501.62
633e94907bc80bcff37b0fe5,6389dd9abfdee6c179bada7a,Employee,Numbers,differently abled workers,Other than Permanent,female,,,,,,,,BRSR,False,6389c46403d57395b8ace2b0,1614.0,941.0,953.0,807.0,942.0,954.0,931.0,943.0,955.0,1613.0,932.0,944.0,1511.0,933.0,945.0,353.0,934.0,946.0,876.0,935.0,947.0,1249.0,936.0,948.0,1752.0,937.0,949.0,1459.0,938.0,950.0,772.0,939.0,951.0,926.0,940.0,952.0,1029.04,1011.42,1033.73,1027.27,1024.43,1059.04,993.82,1048.85,1071.99,1055.08,1049.27,1089.94,1086.01,1069.03,1043.65,1082.24,1089.65,1095.18,1116.92,1097.08,1114.03,1155.61,1147.93,1142.49
633e94907bc80bcff37b0fe5,6389dd9abfdee6c179bada7a,Employee,Numbers,differently abled workers,Other than Permanent,male,,,,,,,,BRSR,False,6389c46403d57395b8ace2b0,1906.0,1105.0,1117.0,753.0,1106.0,1118.0,1095.0,1107.0,1119.0,1917.0,1096.0,1108.0,1625.0,1097.0,1109.0,1881.0,1098.0,1110.0,1779.0,1099.0,1111.0,257.0,1100.0,1112.0,449.0,1101.0,1113.0,493.0,1102.0,1114.0,1503.0,1103.0,1115.0,1242.0,1104.0,1116.0,1113.59,1126.23,1090.55,1136.51,1093.76,1149.37,1105.83,1216.25,1190.27,1201.49,1169.68,1223.12,1347.45,1303.54,1292.74,1310.9,1446.63,1403.98,1417.01,1487.94,1542.58,1518.33,1550.8,1508.47
633e94907bc80bcff37b0fe5,6389dd9abfdee6c179bada7a,Employee,Numbers,differently abled workers,Other than Permanent,other,,,,,,,,BRSR,False,6389c46403d57395b8ace2b0,1904.0,536.0,548.0,1749.0,537.0,549.0,526.0,538.0,550.0,1910.0,527.0,539.0,1233.0,528.0,540.0,1173.0,529.0,541.0,1703.0,530.0,542.0,956.0,531.0,543.0,1921.0,532.0,544.0,1946.0,533.0,545.0,768.0,534.0,546.0,812.0,535.0,547.0,826.51,821.27,837.42,837.02,845.33,852.24,861.51,868.38,877.03,885.13,893.77,902.75,911.59,920.93,930.17,940.04,949.62,959.84,969.81,980.37,990.7,1001.59,1012.28,1023.37
633e94907bc80bcff37b0fe5,6389dd9abfdee6c179bada7a,Employee,Numbers,differently abled workers,Permanent,female,,,,,,,,BRSR,False,6389c46403d57395b8ace2b0,1473.0,1583.0,1595.0,1090.0,1584.0,1596.0,1573.0,1585.0,1597.0,1593.0,1574.0,1586.0,349.0,1575.0,1587.0,1677.0,1576.0,1588.0,1214.0,1577.0,1589.0,747.0,1578.0,1590.0,608.0,1579.0,1591.0,1854.0,1580.0,1592.0,935.0,1581.0,1593.0,252.0,1582.0,1594.0,1357.02,1432.74,1415.4,1421.55,1422.96,1427.66,1341.18,1403.32,1432.26,1302.24,1317.36,1467.94,1419.56,1392.22,1402.3,1455.59,1420.23,1430.42,1472.37,1362.36,1412.04,1413.43,1429.31,1474.93
633e94907bc80bcff37b0fe5,6389dd9abfdee6c179bada7a,Employee,Numbers,differently abled workers,Permanent,male,,,,,,,,BRSR,False,6389c46403d57395b8ace2b0,1466.0,1538.0,1550.0,1075.0,1539.0,1551.0,1528.0,1540.0,1552.0,1244.0,1529.0,1541.0,1858.0,1530.0,1542.0,1481.0,1531.0,1543.0,1581.0,1532.0,1544.0,933.0,1533.0,1545.0,1254.0,1534.0,1546.0,1921.0,1535.0,1547.0,1124.0,1536.0,1548.0,1792.0,1537.0,1549.0,1518.07,1529.5,1528.43,1558.99,1532.84,1607.36,1541.7,1544.09,1544.78,1602.31,1606.42,1617.86,1619.92,1636.11,1640.47,1627.09,1649.36,1666.99,1685.27,1619.71,1669.64,1687.97,1640.66,1649.85
633e94907bc80bcff37b0fe5,6389dd9abfdee6c179bada7a,Employee,Numbers,differently abled workers,Permanent,other,,,,,,,,BRSR,False,6389c46403d57395b8ace2b0,1297.0,1937.0,1949.0,1792.0,1938.0,1950.0,1927.0,1939.0,1951.0,1054.0,1928.0,1940.0,1155.0,1929.0,1941.0,1940.0,1930.0,1942.0,701.0,1931.0,1943.0,404.0,1932.0,1944.0,404.0,1933.0,1945.0,992.0,1934.0,1946.0,1700.0,1935.0,1947.0,669.0,1936.0,1948.0,1549.78,1563.74,1907.04,1947.57,1810.12,2060.99,1834.06,2099.38,1727.53,2013.87,2020.46,2025.67,2028.24,2138.65,2258.19,2135.89,2196.36,2311.35,2371.8,2293.5,2369.86,2395.94,2440.31,2525.17
633e94907bc80bcff37b0fe5,6389dd9abfdee6c179bada7a,Employee,Numbers,workers,Other than Permanent,female,,,,,,,,BRSR,False,6389c46403d57395b8ace2b0,637.0,601.0,613.0,507.0,602.0,614.0,591.0,603.0,615.0,1399.0,592.0,604.0,793.0,593.0,605.0,1437.0,594.0,606.0,697.0,595.0,607.0,460.0,596.0,608.0,1163.0,597.0,609.0,1254.0,598.0,610.0,1417.0,599.0,611.0,400.0,600.0,612.0,731.16,736.81,731.68,734.37,737.89,837.18,706.13,827.73,735.22,824.81,760.16,826.79,782.28,832.45,802.52,840.93,821.57,851.58,839.92,863.91,857.87,877.63,875.69,892.47
633e94907bc80bcff37b0fe5,6389dd9abfdee6c179bada7a,Employee,Numbers,workers,Other than Permanent,male,,,,,,,,BRSR,False,6389c46403d57395b8ace2b0,1342.0,759.0,771.0,1159.0,760.0,772.0,749.0,761.0,773.0,600.0,750.0,762.0,755.0,751.0,763.0,544.0,752.0,764.0,406.0,753.0,765.0,601.0,754.0,766.0,1994.0,755.0,767.0,286.0,756.0,768.0,640.0,757.0,769.0,1906.0,758.0,770.0,1073.86,1083.39,1111.26,1137.75,1165.26,1192.77,1220.69,1249.62,1276.43,1305.71,1334.38,1363.18,1392.32,1421.5,1450.62,1482.4,1509.79,1539.53,1569.22,1599.03,1628.91,1658.86,1688.82,1694.35
633e94907bc80bcff37b0fe5,6389dd9abfdee6c179bada7a,Employee,Numbers,workers,Other than Permanent,other,,,,,,,,BRSR,False,6389c46403d57395b8ace2b0,1027.0,1198.0,1210.0,1128.0,1199.0,1211.0,1188.0,1200.0,1212.0,609.0,1189.0,1201.0,1061.0,1190.0,1202.0,1787.0,1191.0,1203.0,1069.0,1192.0,1204.0,714.0,1193.0,1205.0,286.0,1194.0,1206.0,449.0,1195.0,1207.0,971.0,1196.0,1208.0,1046.0,1197.0,1209.0,1183.08,1232.58,1276.34,1329.62,1362.38,1409.78,1450.92,1492.17,1533.07,1573.92,1614.54,1654.85,1694.9,1734.74,1774.45,1814.04,1853.56,1892.87,1932.11,1971.22,2010.23,2049.15,2088.02,2126.81
633e94907bc80bcff37b0fe5,6389dd9abfdee6c179bada7a,Employee,Numbers,workers,Permanent,female,,,,,,,,BRSR,False,6389c46403d57395b8ace2b0,597.0,1207.0,1219.0,1126.0,1208.0,1220.0,1197.0,1209.0,1221.0,1351.0,1198.0,1210.0,831.0,1199.0,1211.0,1480.0,1200.0,1212.0,1173.0,1201.0,1213.0,638.0,1202.0,1214.0,933.0,1203.0,1215.0,1162.0,1204.0,1216.0,1410.0,1205.0,1217.0,1700.0,1206.0,1218.0,1374.86,1384.69,1392.99,1433.16,1449.41,1475.65,1524.05,1524.95,1544.25,1535.66,1564.13,1607.02,1631.74,1661.3,1690.17,1700.19,1753.29,1774.48,1789.91,1815.78,1850.01,1875.12,1907.01,1940.7
633e94907bc80bcff37b0fe5,6389dd9abfdee6c179bada7a,Employee,Numbers,workers,Permanent,male,,,,,,,,BRSR,False,6389c46403d57395b8ace2b0,555.0,1003.0,1015.0,1796.0,1004.0,1016.0,993.0,1005.0,1017.0,1392.0,994.0,1006.0,905.0,995.0,1007.0,1629.0,996.0,1008.0,353.0,997.0,1009.0,372.0,998.0,1010.0,588.0,999.0,1011.0,1259.0,1000.0,1012.0,754.0,1001.0,1013.0,935.0,1002.0,1014.0,984.23,1035.41,1037.09,1023.51,1070.41,1062.72,1090.66,1102.75,1126.4,1134.11,1138.42,1163.8,1170.06,1194.91,1202.9,1227.29,1236.83,1260.88,1271.76,1295.43,1307.61,1331.03,1344.27,1367.45
633e94907bc80bcff37b0fe5,6389dd9abfdee6c179bada7a,Employee,Numbers,workers,Permanent,other,,,,,,,,BRSR,False,6389c46403d57395b8ace2b0,1244.0,1393.0,1405.0,1932.0,1394.0,1406.0,1383.0,1395.0,1407.0,1005.0,1384.0,1396.0,1456.0,1385.0,1397.0,1389.0,1386.0,1398.0,1061.0,1387.0,1399.0,821.0,1388.0,1400.0,747.0,1389.0,1401.0,572.0,1390.0,1402.0,1923.0,1391.0,1403.0,453.0,1392.0,1404.0,1232.57,1308.13,1294.47,1313.35,1370.85,1345.07,1361.08,1365.67,1380.02,1391.1,1405.41,1419.71,1448.58,1451.12,1470.98,1446.75,1514.12,1400.03,1571.94,1502.26,1592.46,1590.52,1612.17,1615.96
633e94a97bc80bcff37b0ff8,6389dd9abfdee6c179bada7a,Trainings,Numbers,Differently abled Employees,Female,Health and Safety,,,,,,,,BRSR,False,6389c46403d57395b8ace2b0,1242.0,494.0,506.0,904.0,495.0,507.0,484.0,496.0,508.0,1852.0,485.0,497.0,1292.0,486.0,498.0,1908.0,487.0,499.0,208.0,488.0,500.0,958.0,489.0,501.0,1839.0,490.0,502.0,1316.0,491.0,503.0,982.0,492.0,504.0,796.0,493.0,505.0,756.37,737.93,768.39,756.96,780.47,775.8,794.7,794.97,811.06,814.31,828.89,834.67,848.43,855.62,867.68,875.89,888.5,898.94,910.44,921.51,933.16,944.74,956.54,968.5
633e94a97bc80bcff37b0ff8,6389dd9abfdee6c179bada7a,Trainings,Numbers,Differently abled Employees,Female,Skills upgradation,,,,,,,,BRSR,False,6389c46403d57395b8ace2b0,322.0,265.0,277.0,1780.0,266.0,278.0,255.0,267.0,279.0,549.0,256.0,268.0,1966.0,257.0,269.0,1026.0,258.0,270.0,1354.0,259.0,271.0,942.0,260.0,272.0,810.0,261.0,273.0,804.0,262.0,274.0,1941.0,263.0,275.0,1248.0,264.0,276.0,1446.39,661.7,613.87,1529.24,742.89,679.49,1599.27,853.2,742.4,1668.86,949.38,799.11,1755.89,1082.62,917.44,1837.56,1152.42,1074.55,1918.14,1249.09,1008.12,1971.65,1277.71,1153.86
633e94a97bc80bcff37b0ff8,6389dd9abfdee6c179bada7a,Trainings,Numbers,Differently abled Employees,Male,Health and Safety,,,,,,,,BRSR,False,6389c46403d57395b8ace2b0,260.0,1236.0,1248.0,347.0,1237.0,1249.0,1226.0,1238.0,1250.0,1360.0,1227.0,1239.0,469.0,1228.0,1240.0,818.0,1229.0,1241.0,1790.0,1230.0,1242.0,452.0,1231.0,1243.0,1436.0,1232.0,1244.0,1839.0,1233.0,1245.0,727.0,1234.0,1246.0,923.0,1235.0,1247.0,1214.6,1199.34,1279.71,1324.54,1232.81,1300.97,1319.07,1258.51,1307.18,1300.1,1315.71,1342.42,1321.52,1318.56,1371.48,1354.43,1384.88,1378.45,1385.22,1422.94,1417.24,1393.62,1395.91,1450.59
633e94a97bc80bcff37b0ff8,6389dd9abfdee6c179bada7a,Trainings,Numbers,Differently abled Employees,Male,Skills upgradation,,,,,,,,BRSR,False,6389c46403d57395b8ace2b0,1940.0,1616.0,1628.0,1904.0,1617.0,1629.0,1606.0,1618.0,1630.0,959.0,1607.0,1619.0,1699.0,1608.0,1620.0,1134.0,1609.0,1621.0,1498.0,1610.0,1622.0,1910.0,1611.0,1623.0,1319.0,1612.0,1624.0,1503.0,1613.0,1625.0,626.0,1614.0,1626.0,341.0,1615.0,1627.0,1372.16,1366.23,1357.68,1343.15,1342.32,1341.54,1332.55,1324.32,1316.78,1309.05,1326.65,1289.22,1296.18,1279.12,1273.32,1302.58,1252.26,1253.29,1242.63,1238.46,1298.81,1211.22,1219.86,1212.07
633e94a97bc80bcff37b0ff8,6389dd9abfdee6c179bada7a,Trainings,Numbers,Differently abled Employees,Other,Health and Safety,,,,,,,,BRSR,False,6389c46403d57395b8ace2b0,694.0,877.0,889.0,657.0,878.0,890.0,867.0,879.0,891.0,829.0,868.0,880.0,959.0,869.0,881.0,1812.0,870.0,882.0,1605.0,871.0,883.0,1820.0,872.0,884.0,1206.0,873.0,885.0,267.0,874.0,886.0,631.0,875.0,887.0,1895.0,876.0,888.0,1499.33,1267.09,1220.74,1318.4,1332.48,1372.7,1414.59,1455.86,1496.99,1537.25,1577.21,1616.94,1656.45,1695.84,1735.0,1774.01,1812.82,1851.49,1889.97,1928.35,1966.66,2004.84,2042.94,2080.97
633e94a97bc80bcff37b0ff8,6389dd9abfdee6c179bada7a,Trainings,Numbers,Differently abled Employees,Other,Skills upgradation,,,,,,,,BRSR,False,6389c46403d57395b8ace2b0,1401.0,1140.0,1152.0,747.0,1141.0,1153.0,1130.0,1142.0,1154.0,1835.0,1131.0,1143.0,1661.0,1132.0,1144.0,1873.0,1133.0,1145.0,1609.0,1134.0,1146.0,1083.0,1135.0,1147.0,939.0,1136.0,1148.0,1412.0,1137.0,1149.0,1368.0,1138.0,1150.0,767.0,1139.0,1151.0,1038.39,1136.43,1057.97,1101.14,1060.04,1080.42,1054.99,1062.09,1052.11,1048.14,1033.51,1027.79,1017.54,1013.8,1002.81,1001.09,994.95,988.26,978.87,973.82,968.15,965.95,954.12,945.89
633e94a97bc80bcff37b0ff8,6389dd9abfdee6c179bada7a,Trainings,Numbers,Differently abled Workmen,Female,Health and Safety,,,,,,,,BRSR,False,6389c46403d57395b8ace2b0,796.0,364.0,376.0,532.0,365.0,377.0,354.0,366.0,378.0,657.0,355.0,367.0,1016.0,356.0,368.0,553.0,357.0,369.0,1836.0,358.0,370.0,1166.0,359.0,371.0,1853.0,360.0,372.0,1507.0,361.0,373.0,792.0,362.0,374.0,1215.0,363.0,375.0,1538.51,652.48,707.98,1609.79,910.6,762.52,1705.29,1039.76,819.02,1774.26,1170.08,877.47,1850.48,1303.31,943.9,1922.06,1432.86,1010.72,1991.51,1562.96,1079.54,2055.12,1697.38,1143.64
633e94a97bc80bcff37b0ff8,6389dd9abfdee6c179bada7a,Trainings,Numbers,Differently abled Workmen,Female,Skills upgradation,,,,,,,,BRSR,False,6389c46403d57395b8ace2b0,1248.0,1245.0,1257.0,1611.0,1246.0,1258.0,1235.0,1247.0,1259.0,1054.0,1236.0,1248.0,1889.0,1237.0,1249.0,208.0,1238.0,1250.0,1408.0,1239.0,1251.0,1263.0,1240.0,1252.0,1412.0,1241.0,1253.0,1633.0,1242.0,1254.0,252.0,1243.0,1255.0,1941.0,1244.0,1256.0,1273.75,1289.86,1401.44,1426.32,1395.05,1457.7,1338.15,1372.86,1451.03,1457.97,1508.36,1470.31,1525.03,1536.2,1501.0,1552.07,1584.12,1599.93,1620.54,1546.46,1620.3,1662.32,1675.23,1688.25
633e94a97bc80bcff37b0ff8,6389dd9abfdee6c179bada7a,Trainings,Numbers,Differently abled Workmen,Male,Health and Safety,,,,,,,,BRSR,False,6389c46403d57395b8ace2b0,341.0,272.0,284.0,1748.0,273.0,285.0,262.0,274.0,286.0,1345.0,263.0,275.0,1154.0,264.0,276.0,1498.0,265.0,277.0,1866.0,266.0,278.0,957.0,267.0,279.0,636.0,268.0,280.0,768.0,269.0,281.0,1138.0,270.0,282.0,626.0,271.0,283.0,1180.23,564.38,542.17,1218.3,705.49,802.13,1307.22,675.77,622.54,1351.51,759.48,769.39,1386.54,935.48,869.93,1485.59,790.4,924.63,1582.81,956.48,899.41,1618.99,993.42,1050.35
633e94a97bc80bcff37b0ff8,6389dd9abfdee6c179bada7a,Trainings,Numbers,Differently abled Workmen,Male,Skills upgradation,,,,,,,,BRSR,False,6389c46403d57395b8ace2b0,486.0,1501.0,1513.0,403.0,1502.0,1514.0,1491.0,1503.0,1515.0,1147.0,1492.0,1504.0,1374.0,1493.0,1505.0,461.0,1494.0,1506.0,892.0,1495.0,1507.0,1799.0,1496.0,1508.0,1494.0,1497.0,1509.0,363.0,1498.0,1510.0,278.0,1499.0,1511.0,1127.0,1500.0,1512.0,1394.4,1413.3,1539.69,1474.23,1487.17,1529.23,1505.44,1518.91,1539.66,1589.29,1591.85,1626.19,1640.65,1668.72,1692.18,1716.25,1736.49,1763.8,1787.77,1812.91,1838.14,1864.07,1890.1,1916.96
633e94a97bc80bcff37b0ff8,6389dd9abfdee6c179bada7a,Trainings,Numbers,Differently abled Workmen,Other,Health and Safety,,,,,,,,BRSR,False,6389c46403d57395b8ace2b0,380.0,397.0,409.0,568.0,398.0,410.0,387.0,399.0,411.0,767.0,388.0,400.0,845.0,389.0,401.0,1236.0,390.0,402.0,1339.0,391.0,403.0,248.0,392.0,404.0,696.0,393.0,405.0,1167.0,394.0,406.0,231.0,395.0,407.0,793.0,396.0,408.0,640.89,459.32,603.3,485.68,587.07,524.48,580.92,544.69,581.14,561.13,585.45,575.43,592.45,588.62,601.3,601.34,611.44,613.93,622.53,626.59,634.4,639.48,646.86,652.63
633e94a97bc80bcff37b0ff8,6389dd9abfdee6c179bada7a,Trainings,Numbers,Differently abled Workmen,Other,Skills upgradation,,,,,,,,BRSR,False,6389c46403d57395b8ace2b0,917.0,780.0,792.0,693.0,781.0,793.0,770.0,782.0,794.0,207.0,771.0,783.0,1196.0,772.0,784.0,1863.0,773.0,785.0,279.0,774.0,786.0,1159.0,775.0,787.0,1799.0,776.0,788.0,376.0,777.0,789.0,248.0,778.0,790.0,1040.0,779.0,791.0,908.62,820.6,891.08,811.19,889.46,849.65,884.49,877.58,889.65,882.97,849.4,898.09,887.49,898.37,912.49,911.03,949.84,946.0,903.89,904.78,952.73,917.07,945.6,940.02
633e94a97bc80bcff37b0ff8,6389dd9abfdee6c179bada7a,Trainings,Numbers,Employees,Female,Health and Safety,,,,,,,,BRSR,False,6389c46403d57395b8ace2b0,1611.0,290.0,302.0,451.0,291.0,303.0,280.0,292.0,304.0,1118.0,281.0,293.0,803.0,282.0,294.0,876.0,283.0,295.0,1914.0,284.0,296.0,1763.0,285.0,297.0,1850.0,286.0,298.0,1563.0,287.0,299.0,1956.0,288.0,300.0,971.0,289.0,301.0,1774.35,855.96,511.88,1904.42,1011.25,746.23,1966.92,1204.43,664.45,2017.32,1355.03,724.61,2014.66,1595.72,774.21,2100.91,1706.37,848.57,2135.88,1916.0,927.85,2181.16,2080.67,1017.16
633e94a97bc80bcff37b0ff8,6389dd9abfdee6c179bada7a,Trainings,Numbers,Employees,Female,Skills upgradation,,,,,,,,BRSR,False,6389c46403d57395b8ace2b0,693.0,1607.0,1619.0,1363.0,1608.0,1620.0,1597.0,1609.0,1621.0,1059.0,1598.0,1610.0,1898.0,1599.0,1611.0,1527.0,1600.0,1612.0,1961.0,1601.0,1613.0,803.0,1602.0,1614.0,1282.0,1603.0,1615.0,1319.0,1604.0,1616.0,362.0,1605.0,1617.0,1507.0,1606.0,1618.0,1482.87,1402.08,1481.06,1468.65,1467.08,1424.23,1471.24,1487.22,1458.09,1477.14,1458.76,1397.23,1417.95,1465.18,1482.8,1442.05,1455.41,1418.06,1474.57,1518.03,1512.08,1472.06,1515.06,1486.71
633e94a97bc80bcff37b0ff8,6389dd9abfdee6c179bada7a,Trainings,Numbers,Employees,Male,Health and Safety,,,,,,,,BRSR,False,6389c46403d57395b8ace2b0,1343.0,1905.0,1917.0,1330.0,1906.0,1918.0,1895.0,1907.0,1919.0,1896.0,1896.0,1908.0,1376.0,1897.0,1909.0,275.0,1898.0,1910.0,595.0,1899.0,1911.0,833.0,1900.0,1912.0,1685.0,1901.0,1913.0,1867.0,1902.0,1914.0,1507.0,1903.0,1915.0,1360.0,1904.0,1916.0,1903.98,2121.69,2041.17,2105.13,2171.36,2251.61,2239.75,2300.42,2313.21,2334.46,2454.11,2510.94,2487.82,2580.56,2734.75,2756.41,2739.74,2800.45,2810.48,2868.84,2913.08,3003.35,3024.96,2998.35
633e94a97bc80bcff37b0ff8,6389dd9abfdee6c179bada7a,Trainings,Numbers,Employees,Male,Skills upgradation,,,,,,,,BRSR,False,6389c46403d57395b8ace2b0,1792.0,743.0,755.0,513.0,744.0,756.0,733.0,745.0,757.0,1492.0,734.0,746.0,1450.0,735.0,747.0,394.0,736.0,748.0,1627.0,737.0,749.0,1206.0,738.0,750.0,409.0,739.0,751.0,240.0,740.0,752.0,1896.0,741.0,753.0,329.0,742.0,754.0,751.29,849.5,832.26,822.92,822.31,756.85,837.78,754.19,862.31,851.27,858.74,844.59,868.54,884.8,868.56,886.67,902.1,908.76,916.38,925.72,936.28,946.19,956.38,966.76
633e94a97bc80bcff37b0ff8,6389dd9abfdee6c179bada7a,Trainings,Numbers,Employees,Other,Health and Safety,,,,,,,,BRSR,False,6389c46403d57395b8ace2b0,355.0,1465.0,1477.0,970.0,1466.0,1478.0,1455.0,1467.0,1479.0,914.0,1456.0,1468.0,1172.0,1457.0,1469.0,607.0,1458.0,1470.0,452.0,1459.0,1471.0,812.0,1460.0,1472.0,820.0,1461.0,1473.0,640.0,1462.0,1474.0,1371.0,1463.0,1475.0,1185.0,1464.0,1476.0,1411.25,1495.67,1679.29,1431.6,1690.1,1619.06,1681.34,1727.36,1733.7,1758.07,1816.22,1712.09,1833.84,1991.95,1936.68,2095.36,1901.74,2016.79,1875.7,2365.22,2092.37,2341.72,2039.74,2319.86
633e94a97bc80bcff37b0ff8,6389dd9abfdee6c179bada7a,Trainings,Numbers,Employees,Other,Skills upgradation,,,,,,,,BRSR,False,6389c46403d57395b8ace2b0,1052.0,1505.0,1517.0,1244.0,1506.0,1518.0,1495.0,1507.0,1519.0,902.0,1496.0,1508.0,1775.0,1497.0,1509.0,434.0,1498.0,1510.0,995.0,1499.0,1511.0,205.0,1500.0,1512.0,1867.0,1501.0,1513.0,349.0,1502.0,1514.0,376.0,1503.0,1515.0,328.0,1504.0,1516.0,1019.23,1268.31,845.29,1045.88,1196.98,1105.37,1097.12,1172.56,961.82,1187.85,1002.5,1120.79,1056.94,1025.79,1068.17,1019.33,1069.23,1001.35,991.35,1222.05,905.2,954.23,1017.25,1000.79
633e94a97bc80bcff37b0ff8,6389dd9abfdee6c179bada7a,Trainings,Numbers,Human rights trainings,Differently abled Employees,Other than permanent,,,,,,,,BRSR,False,6389c46403d57395b8ace2b0,369.0,1112.0,1124.0,497.0,1113.0,1125.0,1102.0,1114.0,1126.0,1217.0,1103.0,1115.0,443.0,1104.0,1116.0,1435.0,1105.0,1117.0,1728.0,1106.0,1118.0,989.0,1107.0,1119.0,1303.0,1108.0,1120.0,448.0,1109.0,1121.0,1001.0,1110.0,1122.0,1643.0,1111.0,1123.0,1215.12,1209.48,1168.64,1221.71,1222.92,1242.16,1253.64,1249.09,1257.74,1219.89,1283.67,1297.03,1277.12,1324.57,1317.94,1289.49,1328.03,1297.11,1344.25,1336.88,1353.81,1376.67,1360.35,1371.13
633e94a97bc80bcff37b0ff8,6389dd9abfdee6c179bada7a,Trainings,Numbers,Human rights trainings,Differently abled Employees,Permanent,,,,,,,,BRSR,False,6389c46403d57395b8ace2b0,634.0,1190.0,1202.0,805.0,1191.0,1203.0,1180.0,1192.0,1204.0,1380.0,1181.0,1193.0,557.0,1182.0,1194.0,1666.0,1183.0,1195.0,1038.0,1184.0,1196.0,448.0,1185.0,1197.0,731.0,1186.0,1198.0,1791.0,1187.0,1199.0,1863.0,1188.0,1200.0,728.0,1189.0,1201.0,1266.22,1312.06,1324.64,1334.75,1367.34,1395.7,1413.48,1429.47,1449.1,1472.78,1489.38,1551.71,1542.23,1593.53,1553.34,1631.92,1586.73,1611.84,1648.59,1698.92,1696.87,1749.52,1778.67,1802.94
633e94a97bc80bcff37b0ff8,6389dd9abfdee6c179bada7a,Trainings,Numbers,Human rights trainings,Differently abled Workmen,Other than permanent,,,,,,,,BRSR,False,6389c46403d57395b8ace2b0,586.0,1348.0,1360.0,1328.0,1349.0,1361.0,1338.0,1350.0,1362.0,573.0,1339.0,1351.0,1000.0,1340.0,1352.0,412.0,1341.0,1353.0,1488.0,1342.0,1354.0,1094.0,1343.0,1355.0,655.0,1344.0,1356.0,792.0,1345.0,1357.0,1319.0,1346.0,1358.0,1774.0,1347.0,1359.0,1512.95,1510.94,1537.46,1566.48,1593.27,1587.59,1657.74,1661.72,1707.1,1737.36,1766.65,1798.21,1829.55,1861.2,1893.43,1925.73,1958.7,1990.27,2026.11,2058.16,2092.11,2128.32,2161.62,2186.35
633e94a97bc80bcff37b0ff8,6389dd9abfdee6c179bada7a,Trainings,Numbers,Human rights trainings,Differently abled Workmen,Permanent,,,,,,,,BRSR,False,6389c46403d57395b8ace2b0,909.0,1598.0,1610.0,963.0,1599.0,1611.0,1588.0,1600.0,1612.0,1016.0,1589.0,1601.0,1665.0,1590.0,1602.0,1609.0,1591.0,1603.0,1367.0,1592.0,1604.0,215.0,1593.0,1605.0,1930.0,1594.0,1606.0,1147.0,1595.0,1607.0,577.0,1596.0,1608.0,848.0,1597.0,1609.0,1382.09,1542.41,1421.84,1444.77,1555.88,1450.63,1469.06,1419.03,1346.64,1460.15,1386.29,1484.01,1414.82,1467.55,1378.27,1414.54,1476.73,1500.25,1524.55,1390.48,1492.04,1501.1,1502.25,1487.99
633e94a97bc80bcff37b0ff8,6389dd9abfdee6c179bada7a,Trainings,Numbers,Human rights trainings,Employees,Other than permanent,,,,,,,,BRSR,False,6389c46403d57395b8ace2b0,1406.0,458.0,470.0,355.0,459.0,471.0,448.0,460.0,472.0,385.0,449.0,461.0,1200.0,450.0,462.0,981.0,451.0,463.0,448.0,452.0,464.0,1667.0,453.0,465.0,213.0,454.0,466.0,1368.0,455.0,467.0,601.0,456.0,468.0,205.0,457.0,469.0,550.03,528.45,546.64,534.43,541.87,544.4,540.95,550.57,576.16,552.82,550.36,547.34,575.71,571.23,566.74,568.29,562.04,571.17,576.9,574.54,579.4,572.01,580.47,585.56
633e94a97bc80bcff37b0ff8,6389dd9abfdee6c179bada7a,Trainings,Numbers,Human rights trainings,Employees,Permanent,,,,,,,,BRSR,False,6389c46403d57395b8ace2b0,831.0,1890.0,1902.0,1335.0,1891.0,1903.0,1880.0,1892.0,1904.0,1917.0,1881.0,1893.0,359.0,1882.0,1894.0,1354.0,1883.0,1895.0,1617.0,1884.0,1896.0,1623.0,1885.0,1897.0,213.0,1886.0,1898.0,1148.0,1887.0,1899.0,1643.0,1888.0,1900.0,1464.0,1889.0,1901.0,1796.57,1873.96,1934.07,1816.05,1948.59,1865.16,2057.75,1946.18,2134.98,2027.63,1944.33,2064.39,2185.31,2159.73,2221.69,2236.06,2347.95,2261.91,2337.39,2361.58,2390.0,2457.08,2484.54,2517.4
633e94a97bc80bcff37b0ff8,6389dd9abfdee6c179bada7a,Trainings,Numbers,Human rights trainings,Workmen,Other than permanent,,,,,,,,BRSR,False,6389c46403d57395b8ace2b0,1392.0,1679.0,1691.0,963.0,1680.0,1692.0,1669.0,1681.0,1693.0,1011.0,1670.0,1682.0,1942.0,1671.0,1683.0,1605.0,1672.0,1684.0,1051.0,1673.0,1685.0,1303.0,1674.0,1686.0,351.0,1675.0,1687.0,1155.0,1676.0,1688.0,1122.0,1677.0,1689.0,252.0,1678.0,1690.0,1130.75,1251.1,1264.39,1296.46,1223.42,1232.04,1261.89,1175.54,1207.08,1171.67,1175.08,1160.0,1148.64,1132.21,1117.87,1104.32,1095.37,1081.27,1067.98,1056.5,1067.91,1012.6,1034.66,990.63
633e94a97bc80bcff37b0ff8,6389dd9abfdee6c179bada7a,Trainings,Numbers,Human rights trainings,Workmen,Permanent,,,,,,,,BRSR,False,6389c46403d57395b8ace2b0,767.0,917.0,929.0,1052.0,918.0,930.0,907.0,919.0,931.0,776.0,908.0,920.0,1875.0,909.0,921.0,772.0,910.0,922.0,462.0,911.0,923.0,1836.0,912.0,924.0,1263.0,913.0,925.0,1042.0,914.0,926.0,1715.0,915.0,927.0,1138.0,916.0,928.0,1165.28,1188.4,1156.15,1212.05,1175.1,1230.46,1214.96,1258.47,1254.38,1288.29,1292.09,1320.75,1330.95,1356.79,1368.81,1392.03,1407.66,1425.69,1409.33,1448.36,1479.13,1513.91,1523.38,1530.83
633e94a97bc80bcff37b0ff8,6389dd9abfdee6c179bada7a,Trainings,Numbers,Number of trainings,BOD,,,,,,,,,BRSR,False,6389c46403d57395b8ace2b0,905.0,1582.0,1594.0,1898.0,1583.0,1595.0,1572.0,1584.0,1596.0,1574.0,1573.0,1585.0,1208.0,1574.0,1586.0,1327.0,1575.0,1587.0,1775.0,1576.0,1588.0,1282.0,1577.0,1589.0,256.0,1578.0,1590.0,1835.0,1579.0,1591.0,739.0,1580.0,1592.0,1559.0,1581.0,1593.0,1550.75,1463.12,1492.32,1543.67,1562.09,1596.74,1614.9,1615.04,1645.87,1650.94,1672.0,1694.24,1692.6,1715.47,1782.47,1757.77,1793.12,1787.3,1808.15,1872.49,1822.59,1912.84,1933.61,1840.08
633e94a97bc80bcff37b0ff8,6389dd9abfdee6c179bada7a,Trainings,Numbers,Number of trainings,KMP,,,,,,,,,BRSR,False,6389c46403d57395b8ace2b0,312.0,1436.0,1448.0,329.0,1437.0,1449.0,1426.0,1438.0,1450.0,1037.0,1427.0,1439.0,1817.0,1428.0,1440.0,1016.0,1429.0,1441.0,638.0,1430.0,1442.0,821.0,1431.0,1443.0,260.0,1432.0,1444.0,1581.0,1433.0,1445.0,252.0,1434.0,1446.0,1320.0,1435.0,1447.0,1317.87,1354.7,1381.38,1375.02,1446.6,1485.48,1482.27,1617.84,1528.0,1559.92,1595.41,1639.56,1654.27,1690.44,1502.91,1831.35,1814.19,1802.93,1869.82,1839.19,1981.3,1871.86,1914.59,1898.05
633e94a97bc80bcff37b0ff8,6389dd9abfdee6c179bada7a,Trainings,Numbers,Number of trainings,Other than BOD and KMPs,,,,,,,,,BRSR,False,6389c46403d57395b8ace2b0,1984.0,748.0,760.0,1393.0,749.0,761.0,738.0,750.0,762.0,1746.0,739.0,751.0,957.0,740.0,752.0,1200.0,741.0,753.0,339.0,742.0,754.0,1029.0,743.0,755.0,420.0,744.0,756.0,1849.0,745.0,757.0,1507.0,746.0,758.0,1861.0,747.0,759.0,1368.12,1223.53,1200.25,1428.32,1460.84,1325.73,1425.48,1417.01,1450.04,1533.58,1505.5,1563.82,1574.49,1630.59,1643.81,1697.94,1713.37,1765.68,1783.12,1833.77,1853.01,1902.14,1923.0,1970.76
633e94a97bc80bcff37b0ff8,6389dd9abfdee6c179bada7a,Trainings,Numbers,Number of trainings,Others,,,,,,,,,BRSR,False,6389c46403d57395b8ace2b0,403.0,481.0,493.0,1573.0,482.0,494.0,471.0,483.0,495.0,1369.0,472.0,484.0,1923.0,473.0,485.0,1214.0,474.0,486.0,1908.0,475.0,487.0,810.0,476.0,488.0,741.0,477.0,489.0,1068.0,478.0,490.0,1360.0,479.0,491.0,992.0,480.0,492.0,716.22,738.51,681.27,778.61,760.25,721.28,759.0,767.36,699.73,757.87,785.18,790.73,764.63,726.97,762.25,819.35,788.37,808.24,828.26,852.67,826.86,846.0,794.98,856.14
633e94a97bc80bcff37b0ff8,6389dd9abfdee6c179bada7a,Trainings,Numbers,Number of trainings,Workmen,,,,,,,,,BRSR,False,6389c46403d57395b8ace2b0,1686.0,1960.0,1972.0,430.0,1961.0,1973.0,1950.0,1962.0,1974.0,1617.0,1951.0,1963.0,368.0,1952.0,1964.0,1000.0,1953.0,1965.0,257.0,1954.0,1966.0,1627.0,1955.0,1967.0,777.0,1956.0,1968.0,423.0,1957.0,1969.0,1414.0,1958.0,1970.0,1414.0,1959.0,1971.0,1816.85,1942.99,2192.24,1745.87,2153.55,1998.37,2110.37,2188.09,2403.04,2100.45,2268.12,2406.08,2267.22,2450.09,2452.49,2443.85,2645.71,2419.49,2633.55,2721.54,2622.05,2713.27,3110.91,2606.7
633e94a97bc80bcff37b0ff8,6389dd9abfdee6c179bada7a,Trainings,Numbers,Workmen,Female,Health and Safety,,,,,,,,BRSR,False,6389c46403d57395b8ace2b0,1861.0,1528.0,1540.0,1007.0,1529.0,1541.0,1518.0,1530.0,1542.0,1533.0,1519.0,1531.0,332.0,1520.0,1532.0,1498.0,1521.0,1533.0,1270.0,1522.0,1534.0,1550.0,1523.0,1535.0,617.0,1524.0,1536.0,611.0,1525.0,1537.0,1791.0,1526.0,1538.0,1563.0,1527.0,1539.0,1620.59,1639.87,1667.58,1688.6,1721.4,1746.75,1780.59,1802.04,1840.81,1870.98,1902.74,1934.91,1967.61,2000.73,2034.06,2064.73,2096.18,2127.34,2156.47,2186.86,2233.66,2253.91,2294.06,2348.35
633e94a97bc80bcff37b0ff8,6389dd9abfdee6c179bada7a,Trainings,Numbers,Workmen,Female,Skills upgradation,,,,,,,,BRSR,False,6389c46403d57395b8ace2b0,263.0,1008.0,1020.0,1984.0,1009.0,1021.0,998.0,1010.0,1022.0,1069.0,999.0,1011.0,1961.0,1000.0,1012.0,995.0,1001.0,1013.0,1550.0,1002.0,1014.0,1494.0,1003.0,1015.0,958.0,1004.0,1016.0,1881.0,1005.0,1017.0,1101.0,1006.0,1018.0,544.0,1007.0,1019.0,1161.3,1035.37,1057.05,1033.21,1033.22,1046.43,1022.24,1045.97,1029.29,1040.03,1026.96,1034.47,1020.46,1018.42,1029.19,1016.18,1010.9,1037.89,900.17,929.07,1000.07,980.83,991.56,977.34
633e94a97bc80bcff37b0ff8,6389dd9abfdee6c179bada7a,Trainings,Numbers,Workmen,Male,Health and Safety,,,,,,,,BRSR,False,6389c46403d57395b8ace2b0,945.0,1380.0,1392.0,1148.0,1381.0,1393.0,1370.0,1382.0,1394.0,1708.0,1371.0,1383.0,1629.0,1372.0,1384.0,1375.0,1373.0,1385.0,1294.0,1374.0,1386.0,1294.0,1375.0,1387.0,267.0,1376.0,1388.0,213.0,1377.0,1389.0,492.0,1378.0,1390.0,586.0,1379.0,1391.0,1025.9,1023.71,1013.02,995.78,983.66,969.03,947.84,930.27,924.14,911.23,896.05,882.63,868.01,854.23,839.77,821.34,809.49,798.0,782.11,769.1,754.12,740.58,726.06,712.12
633e94a97bc80bcff37b0ff8,6389dd9abfdee6c179bada7a,Trainings,Numbers,Workmen,Male,Skills upgradation,,,,,,,,BRSR,False,6389c46403d57395b8ace2b0,276.0,1235.0,1247.0,312.0,1236.0,1248.0,1225.0,1237.0,1249.0,1648.0,1226.0,1238.0,1787.0,1227.0,1239.0,1914.0,1228.0,1240.0,1079.0,1229.0,1241.0,636.0,1230.0,1242.0,1910.0,1231.0,1243.0,772.0,1232.0,1244.0,1441.0,1233.0,1245.0,802.0,1234.0,1246.0,1177.09,1181.79,1243.36,1208.87,1162.45,1147.21,1148.16,1163.37,1179.95,1130.64,1187.98,1125.03,1229.19,1215.42,1171.76,1222.45,1190.75,1228.93,1212.14,1198.76,1235.38,1243.23,1238.7,1157.85
633e94a97bc80bcff37b0ff8,6389dd9abfdee6c179bada7a,Trainings,Numbers,Workmen,Other,Health and Safety,,,,,,,,BRSR,False,6389c46403d57395b8ace2b0,1485.0,1274.0,1286.0,287.0,1275.0,1287.0,1264.0,1276.0,1288.0,651.0,1265.0,1277.0,505.0,1266.0,1278.0,1994.0,1267.0,1279.0,790.0,1268.0,1280.0,1853.0,1269.0,1281.0,942.0,1270.0,1282.0,351.0,1271.0,1283.0,514.0,1272.0,1284.0,1956.0,1273.0,1285.0,1346.52,1416.84,1382.43,1411.37,1496.72,1448.6,1471.03,1466.9,1588.51,1534.38,1562.83,1586.82,1605.94,1648.47,1671.13,1731.08,1705.55,1739.52,1770.48,1795.52,1807.34,1824.55,1823.35,1875.85
633e94a97bc80bcff37b0ff8,6389dd9abfdee6c179bada7a,Trainings,Numbers,Workmen,Other,Skills upgradation,,,,,,,,BRSR,False,6389c46403d57395b8ace2b0,923.0,251.0,263.0,1686.0,252.0,264.0,241.0,253.0,265.0,1005.0,242.0,254.0,1327.0,243.0,255.0,1847.0,244.0,256.0,1166.0,245.0,257.0,1269.0,246.0,258.0,1820.0,247.0,259.0,1130.0,248.0,260.0,793.0,249.0,261.0,362.0,250.0,262.0,1385.7,627.39,598.94,1408.33,703.51,585.29,1453.75,762.89,892.38,1543.37,851.7,635.46,1659.33,831.0,796.03,1616.93,1076.02,864.33,1780.82,1101.65,1007.04,1805.4,1063.05,1122.31
633eab96fb3d7ea6ab622ac5,6389dd9abfdee6c179bada7a,Complaints from employees,Numbers,Received during the year,Child labour,,,,,,,,,BRSR,False,6389c46403d57395b8ace2b0,2030.0,1670.0,1310.0,2000.0,1640.0,1280.0,1970.0,1610.0,1250.0,2300.0,1940.0,1580.0,2270.0,1910.0,1550.0,2240.0,1880.0,1520.0,2210.0,1850.0,1490.0,2180.0,1820.0,1460.0,2150.0,1790.0,1430.0,2120.0,1760.0,1400.0,2090.0,1730.0,1370.0,2060.0,1700.0,1340.0,1740.63,1734.23,1733.36,1729.61,1721.62,1720.23,1720.6,1716.05,1713.59,1710.31,1707.34,1704.32,1710.43,1703.99,1703.54,1699.97,1689.94,1699.74,1690.84,1681.93,1681.64,1677.55,1675.13,1671.97
633eab96fb3d7ea6ab622ac5,6389dd9abfdee6c179bada7a,Complaints from employees,Numbers,Received during the year,Discrimination at workplace,,,,,,,,,BRSR,False,6389c46403d57395b8ace2b0,1830.0,1470.0,1110.0,1800.0,1440.0,1080.0,1770.0,1410.0,1050.0,2100.0,1740.0,1380.0,2070.0,1710.0,1350.0,2040.0,1680.0,1320.0,2010.0,1650.0,1290.0,1980.0,1620.0,1260.0,1950.0,1590.0,1230.0,1920.0,1560.0,1200.0,1890.0,1530.0,1170.0,1860.0,1500.0,1140.0,1539.52,1533.04,1531.68,1527.84,1533.13,1527.08,1518.59,1517.93,1513.8,1511.27,1508.05,1505.12,1502.04,1499.06,1496.02,1493.03,1489.99,1486.97,1483.95,1480.96,1477.93,1474.92,1471.9,1468.88
633eab96fb3d7ea6ab622ac5,6389dd9abfdee6c179bada7a,Complaints from employees,Numbers,Received during the year,Forced/Involuntary labour,,,,,,,,,BRSR,False,6389c46403d57395b8ace2b0,2230.0,1870.0,1510.0,2200.0,1840.0,1480.0,2170.0,1810.0,1450.0,2500.0,2140.0,1780.0,2470.0,2110.0,1750.0,2440.0,2080.0,1720.0,2410.0,2050.0,1690.0,2380.0,2020.0,1660.0,2350.0,1990.0,1630.0,2320.0,1960.0,1600.0,2290.0,1930.0,1570.0,2260.0,1900.0,1540.0,1940.92,1934.76,1933.38,1925.52,1924.22,1924.1,1921.35,1918.39,1913.77,1911.34,1908.55,1905.55,1902.26,1899.4,1896.34,1893.36,1890.34,1887.36,1884.34,1881.36,1878.35,1873.54,1871.24,1869.59
633eab96fb3d7ea6ab622ac5,6389dd9abfdee6c179bada7a,Complaints from employees,Numbers,Received during the year,Health and Safety,,,,,,,,,BRSR,False,6389c46403d57395b8ace2b0,1630.0,1270.0,910.0,1600.0,1240.0,880.0,1570.0,1210.0,850.0,1900.0,1540.0,1180.0,1870.0,1510.0,1150.0,1840.0,1480.0,1120.0,1810.0,1450.0,1090.0,1780.0,1420.0,1060.0,1750.0,1390.0,1030.0,1720.0,1360.0,1000.0,1690.0,1330.0,970.0,1660.0,1300.0,940.0,1332.77,1328.49,1336.8,1328.78,1331.75,1326.63,1307.74,1311.0,1313.14,1307.69,1305.67,1302.03,1299.17,1295.96,1292.85,1289.74,1286.62,1283.51,1280.4,1277.29,1273.98,1270.96,1267.97,1264.81
633eab96fb3d7ea6ab622ac5,6389dd9abfdee6c179bada7a,Complaints from employees,Numbers,Received during the year,Others,,,,,,,,,BRSR,False,6389c46403d57395b8ace2b0,2630.0,2270.0,1910.0,2600.0,2240.0,1880.0,2570.0,2210.0,1850.0,2900.0,2540.0,2180.0,2870.0,2510.0,2150.0,2840.0,2480.0,2120.0,2810.0,2450.0,2090.0,2780.0,2420.0,2060.0,2750.0,2390.0,2030.0,2720.0,2360.0,2000.0,2690.0,2330.0,1970.0,2660.0,2300.0,1940.0,2342.33,2328.87,2329.51,2331.72,2317.94,2318.68,2321.58,2309.3,2309.56,2311.12,2307.01,2304.47,2300.44,2298.07,2294.73,2291.56,2288.59,2285.52,2282.45,2279.42,2276.36,2273.37,2270.3,2267.24
633eab96fb3d7ea6ab622ac5,6389dd9abfdee6c179bada7a,Complaints from employees,Numbers,Received during the year,Sexual harrasment,,,,,,,,,BRSR,False,6389c46403d57395b8ace2b0,1230.0,870.0,510.0,1200.0,840.0,480.0,1170.0,810.0,450.0,1500.0,1140.0,780.0,1470.0,1110.0,750.0,1440.0,1080.0,720.0,1410.0,1050.0,690.0,1380.0,1020.0,660.0,1350.0,990.0,630.0,1320.0,960.0,600.0,1290.0,930.0,570.0,1260.0,900.0,540.0,938.06,932.63,930.6,925.35,923.08,930.54,923.39,912.46,912.91,920.12,913.18,901.37,914.9,905.08,893.94,894.67,889.95,887.72,884.4,881.57,878.46,875.5,872.47,869.48
633eab96fb3d7ea6ab622ac5,6389dd9abfdee6c179bada7a,Complaints from employees,Numbers,Received during the year,Wages,,,,,,,,,BRSR,False,6389c46403d57395b8ace2b0,2430.0,2070.0,1710.0,2400.0,2040.0,1680.0,2370.0,2010.0,1650.0,2700.0,2340.0,1980.0,2670.0,2310.0,1950.0,2640.0,2280.0,1920.0,2610.0,2250.0,1890.0,2580.0,2220.0,1860.0,2550.0,2190.0,1830.0,2520.0,2160.0,1800.0,2490.0,2130.0,1770.0,2460.0,2100.0,1740.0,2141.68,2135.79,2134.14,2130.36,2127.78,2116.75,2111.81,2116.23,2114.4,2111.15,2107.97,2105.06,2102.05,2098.93,2092.25,2090.54,2090.33,2086.22,2083.53,2080.29,2077.34,2074.28,2080.25,2073.81
633eab96fb3d7ea6ab622ac5,6389dd9abfdee6c179bada7a,Complaints from employees,Numbers,Received during the year,Working conditions,,,,,,,,,BRSR,False,6389c46403d57395b8ace2b0,1430.0,1070.0,710.0,1400.0,1040.0,680.0,1370.0,1010.0,650.0,1700.0,1340.0,980.0,1670.0,1310.0,950.0,1640.0,1280.0,920.0,1610.0,1250.0,890.0,1580.0,1220.0,860.0,1550.0,1190.0,830.0,1520.0,1160.0,800.0,1490.0,1130.0,770.0,1460.0,1100.0,740.0,1138.85,1134.62,1132.18,1126.29,1124.35,1120.67,1117.77,1123.57,1117.08,1107.69,1117.3,1109.11,1099.69,1099.56,1095.22,1092.8,1089.47,1086.56,1083.47,1080.53,1077.45,1074.42,1071.4,1068.36
633eab96fb3d7ea6ab622ac5,6389dd9abfdee6c179bada7a,Complaints from employees,Numbers,Resolved during the year,Child labour,,,,,,,,,BRSR,False,6389c46403d57395b8ace2b0,3630.0,3270.0,2910.0,3600.0,3240.0,2880.0,3570.0,3210.0,2850.0,3900.0,3540.0,3180.0,3870.0,3510.0,3150.0,3840.0,3480.0,3120.0,3810.0,3450.0,3090.0,3780.0,3420.0,3060.0,3750.0,3390.0,3030.0,3720.0,3360.0,3000.0,3690.0,3330.0,2970.0,3660.0,3300.0,2940.0,3343.81,3340.0,3337.9,3334.78,3332.36,3330.23,3326.88,3323.6,3321.2,3318.33,3315.56,3312.82,3309.92,3307.19,3304.59,3301.81,3299.09,3296.34,3293.6,3290.86,3288.13,3285.4,3282.65,3279.92
633eab96fb3d7ea6ab622ac5,6389dd9abfdee6c179bada7a,Complaints from employees,Numbers,Resolved during the year,Discrimination at workplace,,,,,,,,,BRSR,False,6389c46403d57395b8ace2b0,3430.0,3070.0,2710.0,3400.0,3040.0,2680.0,3370.0,3010.0,2650.0,3700.0,3340.0,2980.0,3670.0,3310.0,2950.0,3640.0,3280.0,2920.0,3610.0,3250.0,2890.0,3580.0,3220.0,2860.0,3550.0,3190.0,2830.0,3520.0,3160.0,2800.0,3490.0,3130.0,2770.0,3460.0,3100.0,2740.0,3143.33,3139.76,3136.88,3133.3,3131.94,3128.85,3125.76,3122.98,3120.16,3117.38,3114.59,3111.82,3109.06,3106.26,3103.47,3100.71,3097.92,3095.18,3093.32,3090.21,3086.73,3084.25,3078.34,3076.69
633eab96fb3d7ea6ab622ac5,6389dd9abfdee6c179bada7a,Complaints from employees,Numbers,Resolved during the year,Forced/Involuntary labour,,,,,,,,,BRSR,False,6389c46403d57395b8ace2b0,3830.0,3470.0,3110.0,3800.0,3440.0,3080.0,3770.0,3410.0,3050.0,4100.0,3740.0,3380.0,4070.0,3710.0,3350.0,4040.0,3680.0,3320.0,4010.0,3650.0,3290.0,3980.0,3620.0,3260.0,3950.0,3590.0,3230.0,3920.0,3560.0,3200.0,3890.0,3530.0,3170.0,3860.0,3500.0,3140.0,3544.47,3540.85,3538.36,3535.76,3533.04,3529.79,3527.22,3524.66,3521.84,3519.07,3516.34,3513.62,3510.84,3508.15,3505.49,3502.66,3499.97,3497.33,3494.59,3491.88,3489.16,3486.45,3483.74,3483.94
633eab96fb3d7ea6ab622ac5,6389dd9abfdee6c179bada7a,Complaints from employees,Numbers,Resolved during the year,Health and Safety,,,,,,,,,BRSR,False,6389c46403d57395b8ace2b0,3230.0,2870.0,2510.0,3200.0,2840.0,2480.0,3170.0,2810.0,2450.0,3500.0,3140.0,2780.0,3470.0,3110.0,2750.0,3440.0,3080.0,2720.0,3410.0,3050.0,2690.0,3380.0,3020.0,2660.0,3350.0,2990.0,2630.0,3320.0,2960.0,2600.0,3290.0,2930.0,2570.0,3260.0,2900.0,2540.0,2943.37,2938.72,2936.66,2933.19,2930.74,2928.05,2925.12,2922.33,2919.41,2916.95,2913.77,2910.81,2908.26,2905.37,2902.59,2899.73,2896.92,2894.16,2891.53,2888.67,2885.67,2882.94,2880.15,2877.35
633eab96fb3d7ea6ab622ac5,6389dd9abfdee6c179bada7a,Complaints from employees,Numbers,Resolved during the year,Others,,,,,,,,,BRSR,False,6389c46403d57395b8ace2b0,4230.0,3870.0,3510.0,4200.0,3840.0,3480.0,4170.0,3810.0,3450.0,4500.0,4140.0,3780.0,4470.0,4110.0,3750.0,4440.0,4080.0,3720.0,4410.0,4050.0,3690.0,4380.0,4020.0,3660.0,4350.0,3990.0,3630.0,4320.0,3960.0,3600.0,4290.0,3930.0,3570.0,4260.0,3900.0,3540.0,3944.93,3942.45,3934.54,3932.7,3934.11,3929.95,3927.07,3922.56,3920.89,3919.63,3916.42,3914.57,3911.76,3908.17,3905.63,3902.9,3900.2,3897.48,3894.78,3892.08,3889.38,3886.67,3883.98,3881.25
633eab96fb3d7ea6ab622ac5,6389dd9abfdee6c179bada7a,Complaints from employees,Numbers,Resolved during the year,Sexual harrasment,,,,,,,,,BRSR,False,6389c46403d57395b8ace2b0,2830.0,2470.0,2110.0,2800.0,2440.0,2080.0,2770.0,2410.0,2050.0,3100.0,2740.0,2380.0,3070.0,2710.0,2350.0,3040.0,2680.0,2320.0,3010.0,2650.0,2290.0,2980.0,2620.0,2260.0,2950.0,2590.0,2230.0,2920.0,2560.0,2200.0,2890.0,2530.0,2170.0,2860.0,2500.0,2140.0,2542.62,2537.25,2533.69,2535.51,2532.51,2525.16,2524.08,2520.31,2513.87,2512.77,2510.48,2507.25,2506.27,2502.61,2500.06,2497.01,2491.14,2489.27,2487.09,2483.86,2482.52,2478.96,2476.33,2473.32
633eab96fb3d7ea6ab622ac5,6389dd9abfdee6c179bada7a,Complaints from employees,Numbers,Resolved during the year,Wages,,,,,,,,,BRSR,False,6389c46403d57395b8ace2b0,4030.0,3670.0,3310.0,4000.0,3640.0,3280.0,3970.0,3610.0,3250.0,4300.0,3940.0,3580.0,4270.0,3910.0,3550.0,4240.0,3880.0,3520.0,4210.0,3850.0,3490.0,4180.0,3820.0,3460.0,4150.0,3790.0,3430.0,4120.0,3760.0,3400.0,4090.0,3730.0,3370.0,4060.0,3700.0,3340.0,3744.55,3741.74,3740.95,3737.36,3733.79,3731.66,3728.49,3725.64,3723.01,3720.21,3717.94,3715.21,3712.61,3709.66,3707.24,3704.74,3701.56,3699.07,3696.3,3693.69,3691.03,3688.37,3685.72,3683.09
633eab96fb3d7ea6ab622ac5,6389dd9abfdee6c179bada7a,Complaints from employees,Numbers,Resolved during the year,Working conditions,,,,,,,,,BRSR,False,6389c46403d57395b8ace2b0,3030.0,2670.0,2310.0,3000.0,2640.0,2280.0,2970.0,2610.0,2250.0,3300.0,2940.0,2580.0,3270.0,2910.0,2550.0,3240.0,2880.0,2520.0,3210.0,2850.0,2490.0,3180.0,2820.0,2460.0,3150.0,2790.0,2430.0,3120.0,2760.0,2400.0,3090.0,2730.0,2370.0,3060.0,2700.0,2340.0,2743.19,2738.19,2733.88,2730.97,2729.99,2726.36,2724.04,2721.25,2718.08,2715.36,2712.42,2709.6,2706.66,2703.74,2700.96,2698.16,2695.27,2692.45,2689.58,2686.74,2683.88,2681.03,2678.18,2675.33
6389a312af905ba0b769cbb8,6389dd9abfdee6c179bada7a,waste management,Numbers,Ewaste,recycled,,,,,,,,,BRSR,False,6389c46403d57395b8ace2b0,1200.0,1800.0,2400.0,1250.0,1850.0,2450.0,1300.0,1900.0,2500.0,750.0,1350.0,1950.0,800.0,1400.0,2000.0,850.0,1450.0,2050.0,900.0,1500.0,2100.0,950.0,1550.0,2150.0,1000.0,1600.0,2200.0,1050.0,1650.0,2250.0,1100.0,1700.0,2300.0,1150.0,1750.0,2350.0,1887.21,2096.95,2161.69,2207.37,2261.79,2316.64,2375.38,2429.58,2482.91,2540.35,2605.18,2652.79,2543.87,2679.51,2847.88,2848.14,2931.26,2980.23,3041.18,3079.69,3147.51,3217.68,3269.75,3335.68
6389a312af905ba0b769cbb8,6389dd9abfdee6c179bada7a,waste management,Numbers,Ewaste,reused,,,,,,,,,BRSR,False,6389c46403d57395b8ace2b0,1150.0,1750.0,2350.0,1200.0,1800.0,2400.0,1250.0,1850.0,2450.0,700.0,1300.0,1900.0,750.0,1350.0,1950.0,800.0,1400.0,2000.0,850.0,1450.0,2050.0,900.0,1500.0,2100.0,950.0,1550.0,2150.0,1000.0,1600.0,2200.0,1050.0,1650.0,2250.0,1100.0,1700.0,2300.0,1924.9,2102.98,2093.64,2171.35,2225.47,2394.24,2405.04,2382.12,2276.15,2399.81,2475.1,2515.54,2693.31,2694.21,2776.48,2819.88,2915.14,2955.76,2990.01,3057.57,3110.03,3169.68,3226.16,3284.27
6389a312af905ba0b769cbb8,6389dd9abfdee6c179bada7a,waste management,Numbers,Ewaste,safely disposed,,,,,,,,,BRSR,False,6389c46403d57395b8ace2b0,1250.0,1850.0,2450.0,1300.0,1900.0,2500.0,1350.0,1950.0,2550.0,800.0,1400.0,2000.0,850.0,1450.0,2050.0,900.0,1500.0,2100.0,950.0,1550.0,2150.0,1000.0,1600.0,2200.0,1050.0,1650.0,2250.0,1100.0,1700.0,2300.0,1150.0,1750.0,2350.0,1200.0,1800.0,2400.0,2031.47,2207.85,2210.72,2283.26,2326.67,2384.9,2441.88,2503.96,2548.8,2613.48,2678.04,2728.35,2796.87,2855.05,2909.1,2973.39,3030.46,3091.45,3132.19,3198.33,3272.52,3330.05,3391.54,3451.15
6389a312af905ba0b769cbb8,6389dd9abfdee6c179bada7a,waste management,Numbers,hazardous waste,recycled,,,,,,,,,BRSR,False,6389c46403d57395b8ace2b0,1350.0,1950.0,2550.0,1400.0,2000.0,2600.0,1450.0,2050.0,2650.0,900.0,1500.0,2100.0,950.0,1550.0,2150.0,1000.0,1600.0,2200.0,1050.0,1650.0,2250.0,1100.0,1700.0,2300.0,1150.0,1750.0,2350.0,1200.0,1800.0,2400.0,1250.0,1850.0,2450.0,1300.0,1900.0,2500.0,2137.67,2312.02,2311.86,2392.07,2438.11,2501.48,2555.59,2618.35,2675.08,2734.56,2794.82,2855.21,2920.4,2980.05,3037.9,3101.46,3161.45,3224.72,3287.28,3343.86,3409.09,3476.21,3537.01,3602.82
6389a312af905ba0b769cbb8,6389dd9abfdee6c179bada7a,waste management,Numbers,hazardous waste,reused,,,,,,,,,BRSR,False,6389c46403d57395b8ace2b0,1300.0,1900.0,2500.0,1350.0,1950.0,2550.0,1400.0,2000.0,2600.0,850.0,1450.0,2050.0,900.0,1500.0,2100.0,950.0,1550.0,2150.0,1000.0,1600.0,2200.0,1050.0,1650.0,2250.0,1100.0,1700.0,2300.0,1150.0,1750.0,2350.0,1200.0,1800.0,2400.0,1250.0,1850.0,2450.0,2082.46,2257.06,2261.4,2341.07,2385.64,2420.49,2484.29,2563.83,2611.87,2674.05,2730.67,2791.22,2841.41,2903.51,2970.79,3030.73,3091.5,3147.51,3210.65,3275.48,3334.97,3397.52,3463.52,3523.27
6389a312af905ba0b769cbb8,6389dd9abfdee6c179bada7a,waste management,Numbers,hazardous waste,safely disposed,,,,,,,,,BRSR,False,6389c46403d57395b8ace2b0,1400.0,2000.0,2600.0,1450.0,2050.0,2650.0,1500.0,2100.0,2700.0,950.0,1550.0,2150.0,1000.0,1600.0,2200.0,1050.0,1650.0,2250.0,1100.0,1700.0,2300.0,1150.0,1750.0,2350.0,1200.0,1800.0,2400.0,1250.0,1850.0,2450.0,1300.0,1900.0,2500.0,1350.0,1950.0,2550.0,2185.97,2361.6,2362.79,2442.17,2488.45,2554.18,2609.91,2670.13,2728.59,2789.27,2846.44,2910.07,2969.4,3033.18,3097.51,3158.47,3222.29,3284.92,3127.01,3288.62,3524.82,3505.96,3594.09,3645.43
6389a312af905ba0b769cbb8,6389dd9abfdee6c179bada7a,waste management,Numbers,other waste,recycled,,,,,,,,,BRSR,False,6389c46403d57395b8ace2b0,1500.0,2100.0,2700.0,1550.0,2150.0,2750.0,1600.0,2200.0,2800.0,1050.0,1650.0,2250.0,1100.0,1700.0,2300.0,1150.0,1750.0,2350.0,1200.0,1800.0,2400.0,1250.0,1850.0,2450.0,1300.0,1900.0,2500.0,1350.0,1950.0,2550.0,1400.0,2000.0,2600.0,1450.0,2050.0,2650.0,2285.92,2461.98,2257.2,2408.73,2594.02,2594.16,2683.08,2728.48,2788.37,2847.32,2907.63,2968.46,3029.39,3090.75,3152.69,3215.66,3277.45,3340.94,3404.11,3467.72,3531.24,3595.48,3661.04,3724.4
6389a312af905ba0b769cbb8,6389dd9abfdee6c179bada7a,waste management,Numbers,other waste,reused,,,,,,,,,BRSR,False,6389c46403d57395b8ace2b0,1450.0,2050.0,2650.0,1500.0,2100.0,2700.0,1550.0,2150.0,2750.0,1000.0,1600.0,2200.0,1050.0,1650.0,2250.0,1100.0,1700.0,2300.0,1150.0,1750.0,2350.0,1200.0,1800.0,2400.0,1250.0,1850.0,2450.0,1300.0,1900.0,2500.0,1350.0,1950.0,2550.0,1400.0,2000.0,2600.0,2237.4,2412.77,2413.38,2495.84,2541.27,2610.29,2665.47,2723.77,2784.87,2844.69,2906.65,2969.87,3031.64,3095.05,3158.06,3220.88,3284.38,3348.72,3412.83,3478.11,3542.8,3607.69,3673.76,3738.46
6389a312af905ba0b769cbb8,6389dd9abfdee6c179bada7a,waste management,Numbers,other waste,safely disposed,,,,,,,,,BRSR,False,6389c46403d57395b8ace2b0,1550.0,2150.0,2750.0,1600.0,2200.0,2800.0,1650.0,2250.0,2850.0,1100.0,1700.0,2300.0,1150.0,1750.0,2350.0,1200.0,1800.0,2400.0,1250.0,1850.0,2450.0,1300.0,1900.0,2500.0,1350.0,1950.0,2550.0,1400.0,2000.0,2600.0,1450.0,2050.0,2650.0,1500.0,2100.0,2700.0,2335.36,2511.82,2514.66,2597.21,2644.37,2710.55,2768.46,2829.66,2891.01,2954.59,3016.57,3080.72,3144.22,3207.99,3272.67,3338.45,3405.81,3468.53,3533.55,3602.75,3661.49,3732.35,3802.81,3867.59
6389a312af905ba0b769cbb8,6389dd9abfdee6c179bada7a,waste management,Numbers,plastics,recycled,,,,,,,,,BRSR,False,6389c46403d57395b8ace2b0,1050.0,1650.0,2250.0,1100.0,1700.0,2300.0,1150.0,1750.0,2350.0,600.0,1200.0,1800.0,650.0,1250.0,1850.0,700.0,1300.0,1900.0,750.0,1350.0,1950.0,800.0,1400.0,2000.0,850.0,1450.0,2050.0,900.0,1500.0,2100.0,950.0,1550.0,2150.0,1000.0,1600.0,2200.0,1842.94,2013.31,2006.05,2085.44,2122.44,2182.22,2527.2,2382.77,2263.42,2468.12,2453.31,2543.22,2583.02,2744.99,2745.55,2737.56,2787.4,2849.14,2946.67,2977.24,3048.32,3104.86,3158.92,3217.8
6389a312af905ba0b769cbb8,6389dd9abfdee6c179bada7a,waste management,Numbers,plastics,reused,,,,,,,,,BRSR,False,6389c46403d57395b8ace2b0,1000.0,1600.0,2200.0,1050.0,1650.0,2250.0,1100.0,1700.0,2300.0,550.0,1150.0,1750.0,600.0,1200.0,1800.0,650.0,1250.0,1850.0,700.0,1300.0,1900.0,750.0,1350.0,1950.0,800.0,1400.0,2000.0,850.0,1450.0,2050.0,900.0,1500.0,2100.0,950.0,1550.0,2150.0,1417.62,1727.52,1967.87,1723.75,1890.46,2024.46,2023.46,2121.01,2148.77,2205.09,2251.34,2361.88,2383.77,2392.61,2465.34,2505.59,2633.75,2647.91,2644.49,2722.05,2760.85,2817.24,2866.69,2920.41
6389a312af905ba0b769cbb8,6389dd9abfdee6c179bada7a,waste management,Numbers,plastics,safely disposed,,,,,,,,,BRSR,False,6389c46403d57395b8ace2b0,1100.0,1700.0,2300.0,1150.0,1750.0,2350.0,1200.0,1800.0,2400.0,650.0,1250.0,1850.0,700.0,1300.0,1900.0,750.0,1350.0,1950.0,800.0,1400.0,2000.0,850.0,1450.0,2050.0,900.0,1500.0,2100.0,950.0,1550.0,2150.0,1000.0,1600.0,2200.0,1050.0,1650.0,2250.0,1893.73,2064.4,2057.55,2137.57,2182.35,2220.83,1952.84,2166.69,2428.2,2348.03,2460.61,2482.14,2555.99,2632.03,2675.7,2713.91,2518.75,2704.1,2928.49,2898.93,3004.75,3035.89,3097.34,3147.93
